((("game" .
   [0 0 0 1])
  ("min_value" .
   [0 0 0 0 0 0 0 0 2])
  ("move" .
   [2 0 0 0])
  ("X_loc" .
   [0 0 0 0 1])
  ("O_loc" .
   [0 0 0 0 1])
  ("lost" .
   [0 0 1 0])
  ("eval" .
   [1 0 0 0])
  ("player" .
   [4 0 0 0 0 0])
  ("player_1_active" .
   [0 0 0 1 0 0 0 0 0 0 0 0 0 0 0])
  ("s" .
   [4])
  ("forecast_move" .
   [0 0 0 0 3 0 0 0 0 0 0 0 0])
  ("g4" .
   [1 0])
  ("GameState" .
   [0 0 1 1 0 0 0 0 0])
  ("gamestate" .
   [3 0 0 0 0 0 0 0 0])
  ("False" .
   [0 0 0 1 1])
  ("get_legal_moves" .
   [0 0 0 0 2 0 1 0 0 0 0 0 0 0 1])
  ("gameState" .
   [0 0 0 0 3 5 2 0 2])
  ("if" .
   [1 0])
  ("==" .
   [1 0])
  ("in" .
   [2 0])
  ("for" .
   [1 0 0])
  ("split_tour" .
   [0 0 0 1 1 0 0 0 0 0])
  ("range" .
   [4 0 1 0 0])
  ("ll" .
   [1 0])
  ("insert" .
   [0 0 0 0 1 1])
  ("instance" .
   [0 0 0 1 0 0 0 0])
  ("pop" .
   [2 0 0])
  ("find_cir" .
   [0 0 0 1 2 0 2 1])
  ("find_n" .
   [0 0 0 1 2 1])
  ("GCC" .
   [0 1 0])
  ("File" .
   [1 0 0 1])
  ("polys" .
   [0 0 0 1 0])
  ("l" .
   [3])
  (">>" .
   [3 0])
  ("<<" .
   [1 0])
  ("pass" .
   [0 0 1 0])
  ("poly" .
   [1 0 0 0])
  ("diff" .
   [1 0 0 0])
  ("len" .
   [1 0 0])
  ("n" .
   [1])
  ("x*x*x" .
   [1 0 0 0 0])
  ("__pyfile" .
   [0 0 0 1 0 0 0 0])
  ("__getitem__" .
   [0 0 0 0 1 0 0 0 0 0 0])
  ("callable" .
   [0 0 0 0 1 0 0 0])
  ("x1" .
   [6 0])
  ("y" .
   [2])
  ("x" .
   [11])
  ("x*x" .
   [4 0 1])
  ("=" .
   [11])
  ("key" .
   [1 0 0])
  ("get_nom" .
   [0 0 0 1 0 0 0])
  ("power" .
   [2 0 1 0 0])
  ("var" .
   [1 0 1])
  ("__power__" .
   [0 0 0 1 2 1 0 0 5])
  ("Var" .
   [4 0 4])
  ("self" .
   [2 0 2 13])
  ("set" .
   [0 1 1])
  ("__name__" .
   [0 1 0 3 0 1 0 3])
  ("name" .
   [3 0 1 0])
  ("__class__" .
   [0 0 0 0 1 0 0 0 0])
  ("Columns" .
   [0 0 0 1 0 0 0])
  ("class=" .
   [1 0 0 0 0 2])
  ("div" .
   [2 0 1])
  ("Page" .
   [0 0 1 0])
  ("Test" .
   [0 0 0 1])
  ("Framework" .
   [0 0 0 1 0 0 0 0 0])
  ("import" .
   [0 0 0 0 1 7])
  ("numpy" .
   [0 0 0 1 3])
  ("np" .
   [8 0])
  ("linalg" .
   [0 0 0 1 0 0])
  ("inv" .
   [1 0 0])
  ("__N__" .
   [0 0 1 0 0])
  ("zeros" .
   [2 0 0 1 1])
  ("rand" .
   [1 0 0 1])
  ("end" .
   [1 0 0])
  ("start" .
   [0 0 0 1 0])
  ("datetime" .
   [0 0 3 1 1 0 0 0])
  ("now" .
   [0 0 1])
  ("a" .
   [2])
  ("return" .
   [0 0 0 3 0 8])
  ("corner" .
   [1 0 0 0 0 0])
  ("points" .
   [1 0 0 0 0 0])
  ("line" .
   [5 1 0 0])
  ("the" .
   [2 0 0])
  ("reversed" .
   [0 0 0 0 1 0 0 3])
  ("i" .
   [6])
  ("h" .
   [1])
  ("list" .
   [0 0 0 1])
  ("random" .
   [0 0 0 0 1 0])
  ("randn" .
   [1 0 0 0 1])
  ("pd" .
   [1 0])
  ("no" .
   [2 0])
  ("goal" .
   [4 0 0 0])
  ("is_goal_in_state" .
   [0 0 0 0 0 1 0 0 0 0 0 0 0 0 0 0])
  ("s_level" .
   [0 0 0 0 1 0 0])
  ("level" .
   [2 0 0 0 0])
  ("level_sum" .
   [0 0 0 0 0 0 1 0 0])
  ("literal" .
   [0 0 0 1 2 0 0])
  ("lit_state" .
   [0 0 0 0 1 0 0 0 0])
  ("symbol" .
   [0 0 0 1 0 0])
  ("is_pos" .
   [1 0 0 0 0 0])
  ("True" .
   [0 0 0 1])
  ("s_levels" .
   [1 0 0 0 0 0 0 0])
  ("PgNode_s" .
   [0 0 1 0 0 0 0 0])
  ("Expr" .
   [0 0 1 0])))
